
TIME STEP:
500 = 0.5us

VOLTAGE STEP:
CH1:  32 = 1V
CH2:  32 = 1V
GND	134	10
N	CH1	CH2

0	237	3
1	238	3
2	237	3
3	238	3
4	237	2
5	237	2
6	237	2
7	237	2
8	238	3
9	238	3
10	238	4
11	238	3
12	238	3
13	238	3
14	237	3
15	237	3
16	237	2
17	238	2
18	238	2
19	238	3
20	238	3
21	238	3
22	238	3
23	238	3
24	237	3
25	238	3
26	238	2
27	238	2
28	238	2
29	238	3
30	238	3
31	238	3
32	238	3
33	237	3
34	238	3
35	238	3
36	237	2
37	237	2
38	237	2
39	238	3
40	238	3
41	238	3
42	238	3
43	238	3
44	238	3
45	238	2
46	238	2
47	237	2
48	237	2
49	238	2
50	238	2
51	238	3
52	238	3
53	238	3
54	238	3
55	238	3
56	237	2
57	237	2
58	237	3
59	237	3
60	238	3
61	238	3
62	238	3
63	238	3
64	237	3
65	237	3
66	237	2
67	238	2
68	238	2
69	237	3
70	237	3
71	238	3
72	238	3
73	238	3
74	238	2
75	238	2
76	237	2
77	237	2
78	237	3
79	237	3
80	238	3
81	238	3
82	238	3
83	237	3
84	237	2
85	237	3
86	237	2
87	237	2
88	238	3
89	238	3
90	238	3
91	238	3
92	238	3
93	238	3
94	238	2
95	238	2
96	237	2
97	238	2
98	238	2
99	238	2
100	237	3
101	238	3
102	238	3
103	238	3
104	237	3
105	237	3
106	238	3
107	238	3
108	238	3
109	237	3
110	238	3
111	238	3
112	238	3
113	238	3
114	238	3
115	238	3
116	237	2
117	237	2
118	237	2
119	238	2
120	238	3
121	238	3
122	238	3
123	238	3
124	238	2
125	237	3
126	238	3
127	237	2
128	237	2
129	238	2
130	238	3
131	237	3
132	237	3
133	237	2
134	238	2
135	238	3
136	237	3
137	238	3
138	238	3
139	238	3
140	237	3
141	237	3
142	238	3
143	238	3
144	237	2
145	237	2
146	237	2
147	237	3
148	237	3
149	237	2
150	237	2
151	238	3
152	238	3
153	238	3
154	238	3
155	238	3
156	238	3
157	238	2
158	237	2
159	238	2
160	237	3
161	238	3
162	238	3
163	238	3
164	237	2
165	237	2
166	237	2
167	237	2
168	238	3
169	238	3
170	238	3
171	237	3
172	238	3
173	237	3
174	238	3
175	237	3
176	237	2
177	237	2
178	237	2
179	238	3
180	237	3
181	238	3
182	238	3
183	238	3
184	238	2
185	237	3
186	237	3
187	237	3
188	237	3
189	237	3
190	237	3
191	238	3
192	238	3
193	238	3
194	238	2
195	238	2
196	237	2
197	238	2
198	237	2
199	237	2
200	237	3
201	237	3
202	238	3
203	238	3
204	238	3
205	237	3
206	237	3
207	237	2
208	237	2
209	237	2
210	238	3
211	238	3
212	238	3
213	238	3
214	238	3
215	238	3
216	237	2
217	238	3
218	237	3
219	237	3
220	237	3
221	238	3
222	238	2
223	238	2
224	237	2
225	237	3
226	237	2
227	237	2
228	237	2
229	237	2
230	237	2
231	238	3
232	238	3
233	238	3
234	238	3
235	238	3
236	237	2
237	237	2
238	238	2
239	238	3
240	237	3
241	238	3
242	238	3
243	238	3
244	237	2
245	237	2
246	237	2
247	237	2
248	238	2
249	237	2
250	238	3
251	238	3
252	238	3
253	237	3
254	237	3
255	238	2
256	237	2
257	237	2
258	237	2
259	238	3
260	238	3
261	238	3
262	238	2
263	238	2
264	238	3
265	237	3
266	238	3
267	237	3
268	237	3
269	238	3
270	238	3
271	238	3
272	238	3
273	237	3
274	237	3
275	238	3
276	237	3
277	238	2
278	237	2
279	238	3
280	238	3
281	238	3
282	238	3
283	238	3
284	237	2
285	237	2
286	237	2
287	237	2
288	237	2
289	237	2
290	237	2
291	238	3
292	238	3
293	238	3
294	237	3
295	237	3
296	237	2
297	237	2
298	238	2
299	238	2
300	237	2
301	238	3
302	237	3
303	238	3
304	237	2
305	237	3
306	237	2
307	237	2
308	237	2
309	237	2
310	237	3
311	238	3
312	238	3
313	238	3
314	238	3
315	238	3
316	237	2
317	237	3
318	237	3
319	238	3
320	238	2
321	238	3
322	237	3
323	238	3
324	237	2
325	238	3
326	237	2
327	237	3
328	238	3
329	238	3
330	238	3
331	237	3
332	237	3
333	237	3
334	238	3
335	238	3
336	238	2
337	237	2
338	237	2
339	238	3
340	238	3
341	238	3
342	238	3
343	237	3
344	238	3
345	238	3
346	238	3
347	237	2
348	237	3
349	237	3
350	238	3
351	238	3
352	238	3
353	238	3
354	237	3
355	238	3
356	237	3
357	238	3
358	237	3
359	237	3
360	237	3
361	238	3
362	238	3
363	238	3
364	237	3
365	237	2
366	237	2
367	237	2
368	238	2
369	237	2
370	238	3
371	237	3
372	238	3
373	238	3
374	237	3
375	238	2
376	237	2
377	237	2
378	237	3
379	238	3
380	237	3
381	238	3
382	238	3
383	237	3
384	238	2
385	237	2
386	237	2
387	237	2
388	238	3
389	238	2
390	238	3
391	238	3
392	238	3
393	238	3
394	237	2
395	238	2
396	237	2
397	238	2
398	238	3
399	237	3
400	238	3
401	238	3
402	238	3
403	238	3
404	237	3
405	237	2
406	237	2
407	237	2
408	237	2
409	237	2
410	237	3
411	238	3
412	238	3
413	237	3
414	237	3
415	238	3
416	237	3
417	238	3
418	237	3
419	238	3
420	237	3
421	238	3
422	238	3
423	238	2
424	238	2
425	237	3
426	237	3
427	238	3
428	238	3
429	237	2
430	238	3
431	237	2
432	238	3
433	238	3
434	237	3
435	238	3
436	238	2
437	237	2
438	237	3
439	237	3
440	237	3
441	238	3
442	238	2
443	238	3
444	237	2
445	237	3
446	237	2
447	237	2
448	237	2
449	237	3
450	238	3
451	238	3
452	238	3
453	237	3
454	237	2
455	238	2
456	237	3
457	238	3
458	237	2
459	237	3
460	237	3
461	238	3
462	238	3
463	238	3
464	238	2
465	237	2
466	237	3
467	238	3
468	238	2
469	237	2
470	238	2
471	237	3
472	238	3
473	237	3
474	237	3
475	238	3
476	238	2
477	237	2
478	237	2
479	237	2
480	237	3
481	238	3
482	237	3
483	238	3
484	237	2
485	237	3
486	237	3
487	237	2
488	238	3
489	238	2
490	238	3
491	238	3
492	238	3
493	237	3
494	237	3
495	238	3
496	237	2
497	238	2
498	237	2
499	237	3
500	237	3
501	238	3
502	238	3
503	238	3
504	238	3
505	237	2
506	237	2
507	238	2
508	237	3
509	237	3
510	237	3
511	238	3
512	238	3
513	238	3
514	237	3
515	237	2
516	238	2
517	237	2
518	238	3
519	237	3
520	237	3
521	238	3
522	238	3
523	238	3
524	237	3
525	237	2
526	237	2
527	237	2
528	238	3
529	237	2
530	238	2
531	237	3
532	238	3
533	238	3
534	237	3
535	238	3
536	237	2
537	238	2
538	237	2
539	237	3
540	237	3
541	238	3
542	238	3
543	238	3
544	237	3
545	237	3
546	237	2
547	237	2
548	238	3
549	237	3
550	238	3
551	237	3
552	238	3
553	238	3
554	238	3
555	238	3
556	237	3
557	238	3
558	238	2
559	238	3
560	237	2
561	238	3
562	238	3
563	238	3
564	238	3
565	237	3
566	238	2
567	237	2
568	237	2
569	237	3
570	237	3
571	238	3
572	238	3
573	237	3
574	237	2
575	238	3
576	238	3
577	238	3
578	237	3
579	237	3
580	238	3
581	238	3
582	238	3
583	238	3
584	238	3
585	237	3
586	237	3
587	237	2
588	237	3
589	237	3
590	238	3
591	237	3
592	238	3
593	237	3
594	237	3
595	238	3
596	237	2
597	238	2
598	237	2
599	237	3
600	237	2
601	238	3
602	238	3
603	238	3
604	237	2
605	237	3
606	237	3
607	238	3
608	238	3
609	237	3
610	238	3
611	237	3
612	238	3
613	237	3
614	237	2
615	238	3
616	237	3
617	238	3
618	237	2
619	237	2
620	237	3
621	238	3
622	238	3
623	238	3
624	238	2
625	237	2
626	237	3
627	237	2
628	237	3
629	237	3
630	237	3
631	238	3
632	238	3
633	237	3
634	237	2
635	238	2
636	238	3
637	237	3
638	237	2
639	237	3
640	237	2
641	238	3
642	238	3
643	238	2
644	237	3
645	237	3
646	237	3
647	237	3
648	237	3
649	237	3
650	238	3
651	237	3
652	238	3
653	237	3
654	237	3
655	237	3
656	237	2
657	238	2
658	237	2
659	238	3
660	237	3
661	237	3
662	238	3
663	238	2
664	237	2
665	237	3
666	237	3
667	238	2
668	238	2
669	237	2
670	237	3
671	238	3
672	238	3
673	238	3
674	237	3
675	237	3
676	237	3
677	238	3
678	237	3
679	238	2
680	237	2
681	238	3
682	238	3
683	237	2
684	237	2
685	237	2
686	237	2
687	237	2
688	237	3
689	237	3
690	238	3
691	237	3
692	238	3
693	237	3
694	237	3
695	238	3
696	237	3
697	238	3
698	237	3
699	237	3
700	237	3
701	238	3
702	238	3
703	237	3
704	237	2
705	237	2
706	237	2
707	237	3
708	237	3
709	237	2
710	237	2
711	238	3
712	238	3
713	238	3
714	237	3
715	238	3
716	237	3
717	238	3
718	237	2
719	238	3
720	237	3
721	238	3
722	238	3
723	237	3
724	237	3
725	237	3
726	238	3
727	237	2
728	237	2
729	237	3
730	238	3
731	238	3
732	238	3
733	237	2
734	237	3
735	238	3
736	237	3
737	238	2
738	237	2
739	237	2
740	237	2
741	238	3
742	238	3
743	238	3
744	238	3
745	237	3
746	237	3
747	237	3
748	237	3
749	237	3
750	237	3
751	238	3
752	238	4
753	238	3
754	237	2
755	238	3
756	237	3
757	238	3
758	237	3
759	237	3
760	237	3
761	238	3
762	238	3
763	238	3
764	237	3
765	237	2
766	237	2
767	237	2
768	238	3
769	238	3
770	238	3
771	237	2
772	237	3
773	237	2
774	237	2
775	237	2
776	237	2
777	238	2
778	237	3
779	238	3
780	237	2
781	238	3
782	238	3
783	238	3
784	237	3
785	237	2
786	237	2
787	238	2
788	237	3
789	238	3
790	237	3
791	237	3
792	238	3
793	237	3
794	238	3
795	238	3
796	237	3
797	238	2
798	237	2
799	237	3
800	237	3
801	238	3
802	238	3
803	237	3
804	238	3
805	237	3
806	237	3
807	237	3
808	237	3
809	238	2
810	237	3
811	237	3
812	238	3
813	237	3
814	238	3
815	238	3
816	237	3
817	237	4
818	237	3
819	238	3
820	237	3
821	238	3
822	237	3
823	238	3
824	238	2
825	237	3
826	237	3
827	237	3
828	238	3
829	237	3
830	238	3
831	238	3
832	238	3
833	238	3
834	237	3
835	237	3
836	237	3
837	238	2
838	237	3
839	238	3
840	237	2
841	237	2
842	238	2
843	238	3
844	238	3
845	237	2
846	237	2
847	238	2
848	237	3
849	238	3
850	238	3
851	237	3
852	238	3
853	237	3
854	238	3
855	238	3
856	237	3
857	238	2
858	237	2
859	237	2
860	237	3
861	238	3
862	238	3
863	238	3
864	238	3
865	237	2
866	237	2
867	237	2
868	238	2
869	238	3
870	237	3
871	237	3
872	238	3
873	238	3
874	237	3
875	238	2
876	237	2
877	238	1
878	237	2
879	237	3
880	237	3
881	238	3
882	238	3
883	238	3
884	238	2
885	237	3
886	237	3
887	237	2
888	238	2
889	237	2
890	238	3
891	237	3
892	238	3
893	237	3
894	237	3
895	238	3
896	237	2
897	238	3
898	237	3
899	237	3
900	237	2
901	238	3
902	238	3
903	238	3
904	238	3
905	237	3
906	237	2
907	238	2
908	238	3
909	237	3
910	238	3
911	237	3
912	238	3
913	238	3
914	237	3
915	238	3
916	237	2
917	238	2
918	237	2
919	237	3
920	237	2
921	238	3
922	238	3
923	237	3
924	237	2
925	237	2
926	237	2
927	237	2
928	238	3
929	237	3
930	238	3
931	238	3
932	238	3
933	237	3
934	237	3
935	238	3
936	238	3
937	238	2
938	237	2
939	237	3
940	237	2
941	238	3
942	238	3
943	238	3
944	238	3
945	237	2
946	237	2
947	237	2
948	237	3
949	237	3
950	237	3
951	238	3
952	238	3
953	238	3
954	237	2
955	238	3
956	237	3
957	238	3
958	237	3
959	237	3
960	237	3
961	237	3
962	238	3
963	237	3
964	238	2
965	237	2
966	237	2
967	237	3
968	238	3
969	237	3
970	238	3
971	237	2
972	238	2
973	238	3
974	237	3
975	237	3
976	237	2
977	238	2
978	237	3
979	238	3
980	237	2
981	238	3
982	238	3
983	237	3
984	237	2
985	237	2
986	237	2
987	237	2
988	238	3
989	238	3
990	238	3
991	237	3
992	238	3
993	238	3
994	237	3
995	238	2
996	237	3
997	238	3
998	237	2
999	237	2
1000	237	2
1001	238	3
1002	238	3
1003	238	3
1004	238	3
1005	237	3
1006	237	3
1007	237	2
1008	237	3
1009	237	3
1010	238	3
1011	238	3
1012	238	3
1013	237	3
1014	237	3
1015	238	3
1016	237	3
1017	238	2
1018	237	2
1019	237	2
1020	237	3
1021	238	3
1022	238	3
1023	238	3
1024	238	3
1025	237	3
1026	238	3
1027	238	2
1028	237	3
1029	233	3
1030	229	4
1031	222	4
1032	213	5
1033	200	5
1034	183	6
1035	166	6
1036	154	6
1037	148	6
1038	145	5
1039	142	5
1040	140	6
1041	139	6
1042	140	5
1043	140	4
1044	141	3
1045	141	3
1046	139	1
1047	138	1
1048	135	0
1049	132	0
1050	129	0
1051	127	0
1052	126	0
1053	125	1
1054	125	1
1055	125	2
1056	125	1
1057	125	1
1058	125	1
1059	124	0
1060	124	0
1061	123	0
1062	122	0
1063	122	0
1064	122	1
1065	124	1
1066	125	2
1067	126	3
1068	126	3
1069	126	2
1070	126	2
1071	125	1
1072	125	1
1073	124	1
1074	125	1
1075	125	1
1076	126	1
1077	126	2
1078	126	3
1079	127	3
1080	127	4
1081	127	4
1082	126	4
1083	126	4
1084	126	3
1085	125	3
1086	126	2
1087	126	2
1088	126	2
1089	126	2
1090	127	2
1091	127	2
1092	127	2
1093	127	2
1094	126	3
1095	126	3
1096	126	3
1097	126	3
1098	126	3
1099	126	4
1100	126	3
1101	127	4
1102	127	4
1103	127	3
1104	126	2
1105	126	2
1106	126	2
1107	126	2
1108	126	2
1109	126	2
1110	126	3
1111	126	3
1112	126	3
1113	126	3
1114	126	3
1115	126	2
1116	126	2
1117	126	2
1118	126	3
1119	127	3
1120	126	3
1121	126	4
1122	127	4
1123	127	4
1124	127	4
1125	127	4
1126	127	4
1127	127	4
1128	126	4
1129	126	4
1130	126	5
1131	126	4
1132	126	5
1133	127	5
1134	127	4
1135	127	5
1136	127	5
1137	126	4
1138	126	3
1139	126	2
1140	126	2
1141	126	2
1142	127	2
1143	127	2
1144	127	2
1145	126	2
1146	126	2
1147	126	2
1148	126	2
1149	127	2
1150	127	2
1151	126	2
1152	126	2
1153	126	2
1154	127	3
1155	127	2
1156	127	2
1157	127	2
1158	126	3
1159	126	3
1160	126	2
1161	126	3
1162	127	3
1163	126	2
1164	126	2
1165	126	2
1166	126	2
1167	126	2
1168	126	2
1169	127	2
1170	127	2
1171	126	2
1172	126	2
1173	126	3
1174	126	3
1175	126	3
1176	126	3
1177	127	3
1178	126	3
1179	126	3
1180	126	3
1181	127	3
1182	127	3
1183	127	3
1184	127	3
1185	126	3
1186	127	3
1187	126	3
1188	126	3
1189	126	3
1190	127	3
1191	127	3
1192	127	3
1193	127	2
1194	126	2
1195	126	3
1196	126	2
1197	127	3
1198	126	2
1199	127	3
1200	126	3
1201	127	3
1202	127	3
1203	126	3
1204	127	3
1205	127	3
1206	127	3
1207	127	3
1208	126	3
1209	126	3
1210	126	3
1211	126	3
1212	127	3
1213	127	3
1214	126	3
1215	126	3
1216	126	2
1217	127	3
1218	126	2
1219	126	3
1220	127	2
1221	126	2
1222	127	2
1223	126	2
1224	126	3
1225	126	3
1226	126	3
1227	126	3
1228	126	3
1229	126	3
1230	127	3
1231	126	3
1232	127	3
1233	126	3
1234	127	3
1235	127	3
1236	126	2
1237	127	2
1238	126	2
1239	126	2
1240	127	2
1241	127	3
1242	127	3
1243	126	2
1244	127	2
1245	126	1
1246	126	1
1247	126	2
1248	127	3
1249	127	3
1250	127	3
1251	126	3
1252	126	3
1253	127	2
1254	127	3
1255	126	6
1256	126	6
1257	127	3
1258	127	4
1259	126	8
1260	125	23
1261	126	28
1262	126	16
1263	126	10
1264	126	27
1265	125	28
1266	125	21
1267	126	27
1268	126	36
1269	126	23
1270	127	10
1271	127	15
1272	127	32
1273	127	25
1274	126	13
1275	127	58
1276	128	94
1277	126	67
1278	126	20
1279	126	25
1280	126	59
1281	127	73
1282	126	50
1283	126	33
1284	126	54
1285	127	59
1286	127	54
1287	127	51
1288	127	78
1289	127	103
1290	127	80
1291	128	55
1292	128	62
1293	128	91
1294	127	98
1295	126	92
1296	127	113
1297	128	129
1298	128	95
1299	127	71
1300	127	80
1301	128	112
1302	128	92
1303	128	56
1304	127	69
1305	127	72
1306	127	63
1307	126	55
1308	127	86
1309	127	110
1310	126	93
1311	125	75
1312	126	76
1313	127	105
1314	127	117
1315	126	109
1316	127	113
1317	127	118
1318	126	114
1319	125	111
1320	126	111
1321	127	114
1322	127	113
1323	127	111
1324	127	111
1325	128	113
1326	128	114
1327	128	114
1328	127	114
1329	127	114
1330	127	116
1331	127	118
1332	127	117
1333	127	115
1334	128	114
1335	127	114
1336	127	114
1337	127	114
1338	127	115
1339	127	115
1340	127	115
1341	127	115
1342	127	115
1343	127	116
1344	126	116
1345	127	115
1346	127	115
1347	127	115
1348	127	114
1349	127	113
1350	127	114
1351	126	114
1352	126	115
1353	127	115
1354	127	114
1355	126	113
1356	127	113
1357	126	113
1358	127	114
1359	127	113
1360	127	113
1361	127	113
1362	127	114
1363	126	115
1364	126	114
1365	127	114
1366	127	114
1367	127	114
1368	127	114
1369	127	114
1370	127	114
1371	127	113
1372	127	113
1373	127	113
1374	127	114
1375	127	114
1376	126	114
1377	127	114
1378	126	113
1379	127	113
1380	126	114
1381	127	114
1382	127	114
1383	126	113
1384	127	113
1385	126	114
1386	126	114
1387	126	114
1388	127	114
1389	127	114
1390	127	114
1391	127	114
1392	127	114
1393	127	114
1394	127	114
1395	127	113
1396	127	113
1397	126	114
1398	126	114
1399	126	114
1400	127	114
1401	127	114
1402	127	114
1403	127	114
1404	127	113
1405	127	113
1406	127	113
1407	126	113
1408	127	114
1409	127	114
1410	127	114
1411	127	114
1412	127	114
1413	127	114
1414	127	114
1415	127	114
1416	127	114
1417	127	114
1418	127	114
1419	126	114
1420	126	114
1421	126	114
1422	127	114
1423	127	114
1424	127	113
1425	126	114
1426	127	114
1427	126	114
1428	127	114
1429	126	114
1430	127	114
1431	127	114
1432	127	114
1433	127	114
1434	127	114
1435	127	113
1436	126	113
1437	126	114
1438	127	114
1439	127	114
1440	126	114
1441	127	114
1442	127	113
1443	127	114
1444	126	114
1445	127	114
1446	127	114
1447	127	114
1448	127	114
1449	127	113
1450	127	113
1451	127	114
1452	127	114
1453	127	113
1454	127	113
1455	127	114
1456	127	113
1457	126	112
1458	126	113
1459	126	113
1460	126	114
1461	127	114
1462	127	114
1463	126	114
1464	127	113
1465	127	113
1466	127	113
1467	127	113
1468	127	113
1469	127	113
1470	127	114
1471	126	114
1472	126	114
1473	127	114
1474	127	113
1475	127	114
1476	127	114
1477	127	114
1478	127	114
1479	126	113
1480	126	113
1481	127	113
1482	127	113
1483	126	113
1484	127	114
1485	127	114
1486	127	113
1487	127	113
1488	127	113
1489	127	113
1490	127	113
1491	126	113
1492	126	113
1493	126	113
1494	127	113
1495	127	113
1496	127	113
1497	127	113
1498	126	114
1499	126	114
1500	126	114
1501	126	114
1502	127	114
1503	127	114
1504	127	113
1505	127	113
1506	127	113
1507	127	113
1508	127	114
1509	127	114
1510	127	114
1511	127	114
1512	127	114
1513	127	113
1514	126	114
1515	126	114
1516	126	113
1517	127	113
1518	127	114
1519	127	114
1520	127	113
1521	127	113
1522	127	113
1523	127	113
1524	126	113
1525	126	113
1526	127	113
1527	127	114
1528	127	114
1529	127	113
1530	127	113
1531	127	113
1532	127	114
1533	127	113
1534	127	114
1535	127	114
1536	127	113
1537	127	113
1538	126	113
1539	127	113
1540	127	113
1541	127	114
1542	127	114
1543	127	114
1544	127	113
1545	127	113
1546	127	113
1547	127	113
1548	127	113
1549	127	114
1550	127	114
1551	127	113
1552	127	113
1553	127	113
1554	127	113
1555	127	114
1556	127	114
1557	127	114
1558	127	113
1559	127	113
1560	127	113
1561	127	113
1562	127	114
1563	127	113
1564	127	113
1565	127	113
1566	127	113
1567	127	113
1568	127	113
1569	127	113
1570	127	114
1571	127	113
1572	127	113
1573	127	113
1574	127	114
1575	127	114
1576	127	113
1577	128	113
1578	127	114
1579	127	113
1580	127	113
1581	127	114
1582	127	114
1583	127	114
1584	127	113
1585	127	113
1586	127	113
1587	127	113
1588	127	114
1589	127	113
1590	127	114
1591	127	114
1592	127	114
1593	127	114
1594	127	113
1595	127	113
1596	127	113
1597	127	113
1598	126	113
1599	127	113
1600	127	113
1601	127	114
1602	127	114
1603	127	113
1604	126	113
1605	127	113
1606	127	114
1607	127	114
1608	127	113
1609	127	113
1610	126	113
1611	127	113
1612	127	113
1613	127	113
1614	127	113
1615	127	113
1616	127	113
1617	127	113
1618	126	113
1619	127	114
1620	126	114
1621	127	113
1622	127	113
1623	127	113
1624	126	113
1625	127	113
1626	127	113
1627	127	113
1628	127	113
1629	127	114
1630	127	114
1631	127	113
1632	127	113
1633	127	113
1634	127	113
1635	127	114
1636	127	114
1637	126	114
1638	127	113
1639	127	113
1640	127	113
1641	127	113
1642	127	113
1643	127	113
1644	127	113
1645	127	113
1646	127	114
1647	127	113
1648	127	113
1649	127	113
1650	127	113
1651	127	113
1652	127	114
1653	127	113
1654	127	113
1655	127	113
1656	127	113
1657	127	113
1658	127	114
1659	127	114
1660	127	113
1661	127	114
1662	127	114
1663	127	113
1664	127	113
1665	127	113
1666	127	113
1667	127	114
1668	127	114
1669	127	114
1670	127	114
1671	127	113
1672	127	113
1673	127	113
1674	127	114
1675	127	114
1676	127	113
1677	126	113
1678	127	113
1679	127	113
1680	127	113
1681	127	113
1682	127	113
1683	127	113
1684	127	113
1685	127	113
1686	127	113
1687	127	113
1688	127	113
1689	127	113
1690	127	113
1691	127	113
1692	127	113
1693	127	113
1694	127	113
1695	127	113
1696	126	113
1697	126	113
1698	126	113
1699	127	113
1700	127	114
1701	127	114
1702	127	113
1703	127	114
1704	127	113
1705	126	113
1706	127	113
1707	127	114
1708	127	114
1709	127	113
1710	127	113
1711	127	113
1712	127	113
1713	127	113
1714	127	113
1715	127	114
1716	127	114
1717	126	114
1718	126	114
1719	127	113
1720	127	113
1721	127	113
1722	127	113
1723	127	113
1724	127	113
1725	127	113
1726	127	113
1727	127	113
1728	127	113
1729	128	114
1730	127	113
1731	126	114
1732	126	113
1733	127	113
1734	127	113
1735	127	113
1736	127	113
1737	127	113
1738	127	113
1739	127	113
1740	127	113
1741	127	114
1742	127	113
1743	127	113
1744	127	114
1745	126	113
1746	127	113
1747	127	113
1748	127	113
1749	127	113
1750	127	113
1751	127	113
1752	127	114
1753	127	113
1754	127	113
1755	127	113
1756	126	113
1757	127	114
1758	126	113
1759	127	113
1760	127	113
1761	127	113
1762	127	113
1763	127	113
1764	126	113
1765	127	114
1766	127	114
1767	127	113
1768	127	113
1769	127	113
1770	127	113
1771	127	113
1772	127	113
1773	127	113
1774	127	113
1775	127	113
1776	127	113
1777	127	112
1778	127	113
1779	127	113
1780	127	114
1781	127	113
1782	127	113
1783	127	114
1784	127	113
1785	127	113
1786	127	113
1787	127	113
1788	127	113
1789	127	113
1790	127	113
1791	127	113
1792	127	113
1793	127	113
1794	127	113
1795	128	113
1796	127	113
1797	127	114
1798	126	113
1799	127	112
1800	127	113
1801	127	113
1802	127	114
1803	127	113
1804	127	113
1805	127	113
1806	126	113
1807	126	113
1808	127	114
1809	127	113
1810	127	113
1811	127	113
1812	127	113
1813	127	113
1814	127	113
1815	127	113
1816	127	113
1817	127	113
1818	127	114
1819	127	113
1820	127	113
1821	127	113
1822	127	113
1823	127	113
1824	127	113
1825	127	114
1826	127	114
1827	127	113
1828	127	113
1829	127	113
1830	127	113
1831	127	113
1832	127	114
1833	127	114
1834	127	114
1835	127	114
1836	127	113
1837	126	114
1838	127	113
1839	127	113
1840	127	113
1841	127	113
1842	127	113
1843	127	113
1844	126	113
1845	127	113
1846	127	113
1847	127	113
1848	127	113
1849	127	114
1850	127	114
1851	127	114
1852	127	113
1853	127	113
1854	127	113
1855	127	113
1856	127	113
1857	127	112
1858	127	112
1859	127	113
1860	127	113
1861	127	113
1862	128	114
1863	127	113
1864	127	114
1865	127	113
1866	127	113
1867	127	113
1868	127	113
1869	127	113
1870	127	113
1871	127	113
1872	127	113
1873	127	113
1874	127	113
1875	127	113
1876	127	114
1877	127	114
1878	126	114
1879	127	113
1880	127	113
1881	127	113
1882	127	113
1883	127	113
1884	127	113
1885	127	113
1886	127	113
1887	127	113
1888	127	113
1889	127	113
1890	127	113
1891	127	113
1892	127	113
1893	127	114
1894	127	114
1895	127	113
1896	127	113
1897	127	112
1898	127	113
1899	127	113
1900	127	113
1901	127	113
1902	127	113
1903	127	113
1904	127	113
1905	127	113
1906	127	113
1907	127	113
1908	127	113
1909	127	113
1910	127	114
1911	127	113
1912	127	113
1913	127	114
1914	127	114
1915	127	114
1916	127	113
1917	126	113
1918	127	113
1919	127	113
1920	127	113
1921	127	113
1922	127	113
1923	127	113
1924	127	113
1925	127	113
1926	127	113
1927	127	113
1928	127	114
1929	127	113
1930	127	113
1931	127	113
1932	127	113
1933	127	113
1934	127	113
1935	127	113
1936	127	113
1937	127	112
1938	127	113
1939	127	113
1940	127	113
1941	127	113
1942	127	113
1943	127	113
1944	127	113
1945	127	114
1946	127	113
1947	127	113
1948	127	113
1949	127	113
1950	127	113
1951	127	113
1952	127	113
1953	127	113
1954	127	113
1955	127	112
1956	127	113
1957	127	113
1958	127	114
1959	127	113
1960	127	113
1961	127	113
1962	127	113
1963	127	113
1964	127	113
1965	127	113
1966	126	112
1967	127	113
1968	127	113
1969	127	114
1970	127	113
1971	127	113
1972	127	113
1973	127	113
1974	127	114
1975	127	113
1976	127	113
1977	127	112
1978	127	113
1979	127	113
1980	127	113
1981	127	113
1982	127	113
1983	127	113
1984	127	113
1985	127	113
1986	128	113
1987	127	113
1988	127	113
1989	127	113
1990	127	113
1991	127	113
1992	127	114
1993	127	113
1994	127	113
1995	127	113
1996	127	113
1997	127	114
1998	127	114
1999	127	113
2000	126	113
2001	127	113
2002	127	113
2003	127	113
2004	127	113
2005	127	113
2006	127	114
2007	127	113
2008	127	113
2009	127	113
2010	127	113
2011	127	113
2012	127	113
2013	127	113
2014	127	114
2015	128	113
2016	127	113
2017	128	113
2018	127	113
2019	127	113
2020	127	113
2021	127	113
2022	127	114
2023	127	113
2024	127	113
2025	127	113
2026	127	113
2027	127	113
2028	127	113
2029	127	113
2030	127	113
2031	127	113
2032	127	113
2033	127	113
2034	127	113
2035	127	113
2036	127	113
2037	127	114
2038	127	113
2039	127	112
2040	127	113
2041	127	113
2042	127	114
2043	127	113
2044	127	113
2045	127	113
2046	127	113
2047	127	113
2048	127	113
2049	127	114
2050	127	113
2051	127	113
2052	127	113
2053	127	113
2054	127	113
2055	127	113
2056	127	113
2057	128	112
2058	127	112
2059	127	113
2060	126	113
2061	127	114
2062	127	113
2063	127	113
2064	127	113
2065	127	113
2066	127	113
2067	127	113
2068	127	113
2069	127	113
2070	127	113
2071	127	113
2072	127	113
2073	127	114
2074	127	114
2075	127	113
2076	127	113
2077	127	113
2078	127	113
2079	127	113
2080	127	113
2081	127	113
2082	127	113
2083	127	113
2084	127	113
2085	127	113
2086	127	113
2087	127	113
2088	127	113
2089	127	113
2090	127	113
2091	127	113
2092	127	112
2093	127	112
2094	127	113
2095	127	113
2096	127	113
2097	127	113
2098	126	113
2099	126	113
2100	127	113
2101	127	113
2102	127	113
2103	127	113
2104	127	113
2105	127	113
2106	127	113
2107	127	112
2108	127	113
2109	127	113
2110	127	113
2111	127	113
2112	127	113
2113	127	113
2114	127	113
2115	127	113
2116	127	113
2117	127	114
2118	127	114
2119	126	113
2120	127	113
2121	127	113
2122	127	113
2123	127	113
2124	127	113
2125	127	113
2126	127	114
2127	127	113
2128	127	113
2129	127	113
2130	127	113
2131	127	113
2132	127	113
2133	127	113
2134	127	114
2135	127	114
2136	127	113
2137	127	112
2138	127	113
2139	127	113
2140	126	113
2141	127	113
2142	127	113
2143	127	113
2144	127	113
2145	127	113
2146	127	113
2147	127	113
2148	127	113
2149	128	113
2150	128	113
2151	127	113
2152	127	113
2153	127	113
2154	127	113
2155	127	113
2156	127	113
2157	127	113
2158	127	113
2159	127	113
2160	127	113
2161	127	113
2162	127	113
2163	127	113
2164	127	113
2165	127	113
2166	128	113
2167	127	113
2168	127	114
2169	127	113
2170	127	113
2171	127	113
2172	127	113
2173	127	113
2174	127	113
2175	128	113
2176	127	112
2177	128	112
2178	127	113
2179	127	113
2180	127	113
2181	127	113
2182	127	113
2183	127	113
2184	127	113
2185	127	113
2186	127	113
2187	127	113
2188	127	113
2189	127	113
2190	127	113
2191	127	113
2192	127	113
2193	127	113
2194	127	113
2195	128	113
2196	128	113
2197	127	113
2198	127	113
2199	127	113
2200	127	113
2201	127	113
2202	127	113
2203	127	113
2204	127	113
2205	127	113
2206	127	113
2207	127	113
2208	128	113
2209	128	113
2210	127	113
2211	127	113
2212	127	113
2213	127	113
2214	127	113
2215	128	113
2216	127	113
2217	127	114
2218	128	114
2219	127	113
2220	127	113
2221	127	113
2222	127	113
2223	127	113
2224	127	113
2225	127	113
2226	127	113
2227	127	113
2228	127	113
2229	128	113
2230	128	113
2231	127	113
2232	127	113
2233	127	113
2234	127	113
2235	127	113
2236	127	113
2237	126	114
2238	127	113
2239	127	113
2240	127	113
2241	127	113
2242	127	113
2243	127	113
2244	126	113
2245	127	113
2246	127	113
2247	127	113
2248	127	114
2249	127	113
2250	127	113
2251	127	113
2252	127	113
2253	127	113
2254	127	113
2255	127	113
2256	127	113
2257	128	113
2258	127	113
2259	127	113
2260	127	113
2261	128	113
2262	127	113
2263	127	113
2264	127	113
2265	127	113
2266	127	114
2267	127	113
2268	127	113
2269	128	113
2270	128	113
2271	127	113
2272	127	113
2273	127	114
2274	127	112
2275	128	109
2276	128	109
2277	128	113
2278	127	116
2279	128	107
2280	128	90
2281	128	84
2282	128	103
2283	128	109
2284	128	89
2285	128	88
2286	128	93
2287	128	86
2288	128	77
2289	128	91
2290	127	114
2291	127	101
2292	126	86
2293	127	99
2294	127	103
2295	127	60
2296	126	23
2297	127	48
2298	128	98
2299	128	90
2300	127	55
2301	127	44
2302	127	67
2303	127	86
2304	127	62
2305	127	57
2306	127	61
2307	127	63
2308	127	40
2309	126	22
2310	126	37
2311	126	62
2312	126	54
2313	126	24
2314	126	24
2315	127	27
2316	126	4
2317	125	2
2318	126	22
2319	126	47
2320	127	36
2321	126	9
2322	126	25
2323	126	61
2324	126	46
2325	127	44
2326	127	53
2327	128	61
2328	128	33
2329	127	17
2330	128	23
2331	128	38
2332	127	37
2333	127	10
2334	127	1
2335	128	5
2336	128	2
2337	127	0
2338	128	1
2339	128	3
2340	128	3
2341	127	2
2342	127	3
2343	126	5
2344	127	5
2345	126	3
2346	126	1
2347	126	2
2348	127	1
2349	127	1
2350	127	0
2351	127	0
2352	127	0
2353	127	1
2354	127	1
2355	127	1
2356	127	2
2357	127	3
2358	127	1
2359	126	0
2360	126	1
2361	127	1
2362	128	1
2363	127	0
2364	127	1
2365	127	1
2366	126	1
2367	126	1
2368	127	1
2369	127	2
2370	127	1
2371	127	1
2372	127	1
2373	127	2
2374	127	2
2375	127	2
2376	127	2
2377	128	1
2378	127	2
2379	127	2
2380	127	2
2381	127	2
2382	127	1
2383	127	1
2384	127	1
2385	127	1
2386	128	1
2387	127	1
2388	127	1
2389	127	2
2390	127	2
2391	127	2
2392	127	2
2393	127	2
2394	127	2
2395	127	2
2396	128	2
2397	128	2
2398	127	1
2399	127	2
2400	127	2
2401	127	2
2402	127	2
2403	127	2
2404	127	1
2405	128	2
2406	128	2
2407	128	2
2408	127	2
2409	127	2
2410	127	2
2411	127	1
2412	127	1
2413	127	1
2414	127	1
2415	127	2
2416	127	2
2417	127	2
2418	127	1
2419	127	1
2420	127	2
2421	127	2
2422	127	2
2423	127	1
2424	127	1
2425	127	2
2426	127	2
2427	127	2
2428	127	2
2429	127	2
2430	127	2
2431	127	2
2432	126	1
2433	126	1
2434	127	2
2435	127	2
2436	127	2
2437	127	2
2438	127	2
2439	127	2
2440	127	1
2441	127	2
2442	127	1
2443	127	1
2444	127	1
2445	127	2
2446	127	2
2447	127	2
2448	127	2
2449	127	2
2450	127	2
2451	127	2
2452	127	2
2453	127	2
2454	127	2
2455	127	2
2456	127	1
2457	127	1
2458	127	1
2459	127	1
2460	127	1
2461	127	2
2462	127	2
2463	127	1
2464	127	1
2465	127	2
2466	127	2
2467	127	1
2468	128	2
2469	127	2
2470	127	2
2471	127	1
2472	127	1
2473	128	2
2474	128	2
2475	128	2
2476	127	2
2477	127	2
2478	127	2
2479	127	2
2480	127	2
2481	127	2
2482	127	2
2483	127	1
2484	127	2
2485	127	2
2486	127	2
2487	127	2
2488	127	2
2489	127	2
2490	128	2
2491	127	1
2492	127	2
2493	127	2
2494	127	2
2495	127	2
2496	127	2
2497	128	2
2498	128	2
2499	127	2
2500	127	2
2501	127	2
2502	127	2
2503	127	2
2504	127	2
2505	127	2
2506	128	2
2507	128	2
2508	128	2
2509	127	2
2510	127	2
2511	127	2
2512	127	2
2513	127	2
2514	127	2
2515	127	2
2516	127	2
2517	127	2
2518	127	2
2519	127	2
2520	127	2
2521	127	2
2522	127	2
2523	127	2
2524	127	2
2525	127	2
2526	128	2
2527	127	2
2528	128	2
2529	128	2
2530	127	2
2531	127	2
2532	127	2
2533	127	2
2534	127	2
2535	127	3
2536	127	3
2537	127	3
2538	127	2
2539	127	2
2540	127	1
2541	127	2
2542	127	2
2543	127	2
2544	127	2
2545	127	2
2546	127	2
2547	127	2
2548	128	2
2549	127	2
2550	127	2
2551	127	2
2552	127	2
2553	127	2
2554	127	2
2555	127	2
2556	127	2
2557	126	2
2558	127	2
2559	127	2
2560	127	2
2561	127	2
2562	127	2
2563	127	2
2564	127	2
2565	127	2
2566	127	2
2567	127	2
2568	127	2
2569	128	2
2570	127	2
2571	127	1
2572	127	1
2573	128	2
2574	127	2
2575	127	2
2576	128	2
2577	128	1
2578	127	2
2579	127	2
2580	127	2
2581	127	2
2582	127	2
2583	127	2
2584	127	2
2585	127	2
2586	128	2
2587	127	2
2588	128	2
2589	128	3
2590	127	2
2591	127	1
2592	126	2
2593	127	2
2594	127	2
2595	128	2
2596	127	2
2597	128	2
2598	128	2
2599	127	2
2600	127	2
2601	127	2
2602	127	2
2603	127	2
2604	127	2
2605	128	2
2606	127	2
2607	128	2
2608	128	2
2609	127	2
2610	127	2
2611	127	2
2612	127	2
2613	127	2
2614	127	2
2615	127	2
2616	127	2
2617	127	3
2618	128	2
2619	127	2
2620	127	1
2621	127	2
2622	127	2
2623	127	2
2624	127	2
2625	127	2
2626	127	2
2627	127	2
2628	128	2
2629	128	2
2630	127	2
2631	127	2
2632	127	2
2633	127	2
2634	128	2
2635	127	2
2636	128	2
2637	127	3
2638	128	2
2639	127	2
2640	127	2
2641	127	2
2642	127	2
2643	128	2
2644	127	2
2645	127	2
2646	127	2
2647	127	2
2648	127	2
2649	127	2
2650	127	2
2651	127	2
2652	127	2
2653	127	2
2654	128	2
2655	128	3
2656	128	3
2657	127	3
2658	127	2
2659	127	2
2660	127	2
2661	127	3
2662	127	3
2663	127	2
2664	127	2
2665	127	2
2666	127	2
2667	127	2
2668	127	2
2669	128	2
2670	127	3
2671	126	2
2672	127	2
2673	127	2
2674	127	2
2675	127	2
2676	127	2
2677	128	2
2678	128	2
2679	127	2
2680	127	2
2681	127	2
2682	127	2
2683	127	2
2684	127	2
2685	127	2
2686	128	2
2687	128	2
2688	128	2
2689	128	2
2690	127	3
2691	127	2
2692	127	2
2693	127	3
2694	128	3
2695	128	2
2696	127	2
2697	127	2
2698	127	2
2699	127	2
2700	127	2
2701	127	2
2702	127	2
2703	127	2
2704	127	2
2705	127	2
2706	127	2
2707	127	2
2708	127	2
2709	127	2
2710	127	2
2711	127	2
2712	127	3
2713	127	2
2714	127	2
2715	127	2
2716	127	3
2717	127	3
2718	127	2
2719	127	2
2720	127	2
2721	127	2
2722	127	2
2723	127	2
2724	127	2
2725	127	2
2726	128	3
2727	128	3
2728	128	3
2729	127	2
2730	127	2
2731	127	2
2732	127	2
2733	127	2
2734	127	3
2735	128	3
2736	128	2
2737	127	3
2738	127	2
2739	127	2
2740	127	2
2741	127	2
2742	128	2
2743	127	2
2744	127	2
2745	127	3
2746	127	3
2747	128	3
2748	127	3
2749	127	2
2750	127	2
2751	127	2
2752	127	2
2753	127	2
2754	127	2
2755	127	2
2756	128	2
2757	128	3
2758	128	2
2759	127	2
2760	127	2
2761	127	2
2762	127	2
2763	127	2
2764	127	2
2765	128	2
2766	128	3
2767	127	2
2768	127	2
2769	128	2
2770	128	3
2771	127	2
2772	127	2
2773	127	2
2774	128	2
2775	127	2
2776	128	2
2777	128	2
2778	127	3
2779	128	3
2780	127	2
2781	128	2
2782	127	2
2783	127	2
2784	127	2
2785	127	2
2786	127	3
2787	127	3
2788	128	3
2789	127	2
2790	128	2
2791	127	3
2792	127	2
2793	127	2
2794	128	2
2795	127	2
2796	127	3
2797	127	3
2798	127	3
2799	127	2
2800	127	2
2801	127	2
2802	127	2
2803	127	2
2804	127	2
2805	127	2
2806	128	2
2807	127	3
2808	127	2
2809	127	2
2810	127	2
2811	127	2
2812	128	2
2813	128	2
2814	127	2
2815	127	3
2816	127	3
2817	128	3
2818	127	2
2819	127	2
2820	127	2
2821	127	2
2822	127	2
2823	127	2
2824	127	2
2825	128	2
2826	127	3
2827	127	2
2828	127	2
2829	128	3
2830	128	2
2831	127	2
2832	127	2
2833	127	2
2834	127	2
2835	127	2
2836	128	3
2837	128	3
2838	128	2
2839	127	2
2840	127	2
2841	127	2
2842	127	3
2843	127	2
2844	127	2
2845	127	2
2846	128	2
2847	128	2
2848	128	3
2849	128	3
2850	128	2
2851	127	2
2852	127	2
2853	127	2
2854	127	3
2855	127	2
2856	127	2
2857	127	2
2858	128	2
2859	128	3
2860	128	2
2861	127	2
2862	127	2
2863	128	2
2864	127	2
2865	127	2
2866	127	3
2867	127	2
2868	128	2
2869	128	2
2870	128	2
2871	127	2
2872	127	2
2873	127	2
2874	127	2
2875	127	2
2876	127	2
2877	127	3
2878	127	2
2879	127	2
2880	127	2
2881	128	2
2882	127	2
2883	127	2
2884	127	2
2885	127	2
2886	128	2
2887	127	2
2888	127	2
2889	127	3
2890	127	3
2891	127	2
2892	127	2
2893	127	2
2894	128	2
2895	127	2
2896	128	3
2897	128	2
2898	127	2
2899	127	2
2900	127	2
2901	127	2
2902	127	2
2903	128	2
2904	127	2
2905	128	3
2906	128	2
2907	128	3
2908	127	2
2909	128	2
2910	128	2
2911	127	2
2912	126	2
2913	127	2
2914	127	2
2915	127	3
2916	127	3
2917	128	3
2918	127	2
2919	127	2
2920	127	2
2921	128	2
2922	127	2
2923	127	2
2924	127	2
2925	127	2
2926	127	3
2927	127	3
2928	127	3
2929	127	3
2930	128	3
2931	128	2
2932	128	2
2933	128	2
2934	127	3
2935	128	2
2936	127	2
2937	127	2
2938	127	2
2939	127	2
2940	127	2
2941	127	2
2942	128	2
2943	128	2
2944	128	2
2945	128	2
2946	127	2
2947	127	2
2948	127	2
2949	127	3
2950	127	3
2951	128	2
2952	127	2
2953	127	3
2954	128	3
2955	127	3
2956	127	2
2957	127	3
2958	127	3
2959	127	2
2960	127	2
2961	127	2
2962	127	2
2963	127	2
2964	127	2
2965	127	2
2966	128	2
2967	127	2
2968	127	2
2969	128	3
2970	127	2
2971	127	2
2972	127	2
2973	127	2
2974	127	2
2975	127	3
2976	128	3
2977	128	3
2978	128	2
2979	127	2
2980	127	2
2981	127	2
2982	127	3
2983	127	3
2984	127	3
2985	127	2
2986	128	2
2987	127	2
2988	128	2
2989	128	3
2990	127	3
2991	127	3
2992	127	2
2993	127	2
2994	127	2
2995	127	2
2996	127	2
2997	127	3
2998	127	2
2999	127	2
3000	128	3
3001	127	2
3002	127	3
3003	127	3
3004	127	3
3005	128	2
3006	128	2
3007	128	2
3008	127	3
3009	127	3
3010	127	3
3011	127	3
3012	127	2
3013	127	2
3014	127	2
3015	127	2
3016	128	2
3017	128	1
3018	128	2
3019	127	2
3020	127	2
3021	127	2
3022	127	2
3023	127	2
3024	127	2
3025	127	3
3026	128	3
3027	127	2
3028	128	2
3029	128	2
3030	127	3
3031	127	3
3032	127	3
3033	127	3
3034	128	2
3035	128	2
3036	128	3
3037	127	3
3038	127	2
3039	127	2
3040	127	2
3041	127	2
3042	127	2
3043	127	2
3044	127	2
3045	128	2
3046	128	2
3047	128	2
3048	127	3
3049	127	3
3050	127	2
3051	127	1
3052	128	1
3053	128	2
3054	127	3
3055	127	3
3056	127	2
3057	127	3
3058	127	2
3059	128	2
3060	128	2
3061	127	3
3062	127	3
3063	127	2
3064	127	2
3065	127	2
3066	127	3
3067	127	3
3068	127	3
3069	128	3
3070	128	3
3071	127	2
3072	127	2
3073	127	2
3074	127	2
3075	128	2
3076	127	2
3077	127	3
3078	127	2
3079	127	2
3080	127	3
3081	128	3
3082	127	3
3083	127	2
3084	127	2
3085	128	3
3086	128	2
3087	128	2
3088	128	3
3089	128	3
3090	127	3
3091	127	2
3092	127	2
3093	127	3
3094	127	3
3095	127	3
3096	127	2
3097	127	2
3098	127	2
3099	127	2
3100	127	2
3101	127	2
3102	127	2
3103	127	2
3104	127	2
3105	127	2
3106	128	3
3107	128	2
3108	127	2
3109	127	2
3110	128	3
3111	127	3
3112	127	3
3113	127	3
3114	127	3
3115	127	3
3116	127	2
3117	127	2
3118	127	2
3119	127	2
3120	127	2
3121	128	2
3122	127	2
3123	127	2
3124	127	2
3125	128	2
3126	128	2
3127	127	2
3128	127	3
3129	127	3
3130	127	2
3131	127	2
3132	127	2
3133	127	2
3134	128	2
3135	128	3
3136	127	3
3137	127	3
3138	127	2
3139	127	2
3140	127	3
3141	127	3
3142	127	2
3143	127	2
3144	127	2
3145	127	2
3146	128	2
3147	128	2
3148	128	3
3149	127	3
3150	128	2
3151	127	2
3152	127	2
3153	127	2
3154	128	2
3155	128	2
3156	127	2
3157	128	2
3158	127	3
3159	127	2
3160	127	2
3161	128	2
3162	128	2
3163	127	2
3164	127	2
3165	128	3
3166	128	3
3167	128	3
3168	127	3
3169	128	2
3170	128	2
3171	127	2
3172	127	2
3173	127	2
3174	127	2
3175	127	2
3176	127	3
3177	128	3
3178	128	3
3179	128	2
3180	127	2
3181	127	2
3182	127	2
3183	127	3
3184	127	3
3185	128	3
3186	128	3
3187	128	3
3188	128	2
3189	128	2
3190	127	2
3191	127	2
3192	127	2
3193	127	2
3194	127	2
3195	127	2
3196	128	2
3197	128	3
3198	127	2
3199	127	2
3200	127	2
3201	128	2
3202	128	3
3203	127	3
3204	127	3
3205	128	3
3206	128	3
3207	128	3
3208	127	2
3209	128	2
3210	127	2
3211	127	2
3212	127	2
3213	127	2
3214	128	2
3215	128	3
3216	128	3
3217	127	3
3218	127	2
3219	127	2
3220	128	2
3221	128	2
3222	127	2
3223	127	2
3224	127	2
3225	128	2
3226	128	3
3227	127	2
3228	128	2
3229	127	3
3230	127	2
3231	127	2
3232	127	2
3233	128	2
3234	128	2
3235	128	2
3236	127	3
3237	128	3
3238	128	2
3239	127	2
3240	127	2
3241	127	2
3242	127	2
3243	127	2
3244	127	2
3245	128	3
3246	127	3
3247	127	3
3248	128	3
3249	128	3
3250	127	3
3251	127	2
3252	127	2
3253	128	2
3254	127	3
3255	128	2
3256	128	2
3257	128	2
3258	127	2
3259	127	2
3260	128	2
3261	128	2
3262	127	3
3263	127	3
3264	127	2
3265	128	3
3266	128	3
3267	128	3
3268	128	2
3269	127	2
3270	128	2
3271	127	2
3272	127	2
3273	127	2
3274	127	2
3275	127	3
3276	128	3
3277	127	3
3278	128	3
3279	127	2
3280	128	2
3281	128	3
3282	127	2
3283	127	2
3284	127	2
3285	128	2
3286	128	2
3287	127	3
3288	128	3
3289	128	3
3290	128	2
3291	127	2
3292	127	2
3293	127	2
3294	128	2
3295	128	2
3296	128	3
3297	128	3
3298	127	2
3299	128	2
3300	128	2
3301	127	3
3302	128	2
3303	127	2
3304	127	2
3305	128	2
3306	127	3
3307	128	3
3308	128	3
3309	127	3
3310	127	3
3311	127	2
3312	127	2
3313	127	2
3314	127	2
3315	128	3
3316	128	3
3317	128	2
3318	127	3
3319	127	2
3320	127	2
3321	127	2
3322	127	2
3323	127	2
3324	127	2
3325	128	3
3326	128	3
3327	128	2
3328	128	2
3329	128	3
3330	128	3
3331	127	2
3332	127	2
3333	128	3
3334	127	3
3335	127	2
3336	127	2
3337	127	2
3338	128	2
3339	127	2
3340	127	2
3341	127	3
3342	128	3
3343	128	2
3344	128	2
3345	127	3
3346	128	3
3347	128	3
3348	128	2
3349	128	2
3350	127	2
3351	127	2
3352	127	2
3353	127	2
3354	127	2
3355	128	2
3356	128	2
3357	127	2
3358	127	2
3359	127	2
3360	128	3
3361	128	2
3362	127	3
3363	127	2
3364	127	2
3365	128	2
3366	128	3
3367	128	3
3368	128	3
3369	127	3
3370	128	2
3371	127	2
3372	127	2
3373	128	3
3374	127	3
3375	127	3
3376	127	2
3377	127	3
3378	128	3
3379	127	2
3380	127	2
3381	127	2
3382	127	2
3383	127	2
3384	127	2
3385	128	3
3386	128	3
3387	128	3
3388	128	3
3389	128	3
3390	128	3
3391	128	2
3392	127	2
3393	127	2
3394	128	3
3395	128	3
3396	128	3
3397	128	2
3398	127	3
3399	127	3
3400	127	2
3401	128	2
3402	127	2
3403	127	2
3404	127	2
3405	128	3
3406	128	3
3407	128	3
3408	128	2
3409	128	2
3410	128	2
3411	127	2
3412	127	2
3413	128	2
3414	128	3
3415	128	3
3416	128	2
3417	128	2
3418	127	2
3419	127	2
3420	128	2
3421	128	2
3422	127	3
3423	127	2
3424	127	2
3425	128	2
3426	128	3
3427	128	3
3428	127	2
3429	127	3
3430	127	2
3431	127	2
3432	127	2
3433	127	3
3434	128	3
3435	127	3
3436	128	2
3437	127	2
3438	128	2
3439	128	2
3440	128	2
3441	127	3
3442	127	3
3443	127	2
3444	128	2
3445	128	3
3446	128	3
3447	128	3
3448	127	3
3449	127	3
3450	128	2
3451	128	2
3452	128	2
3453	127	2
3454	127	3
3455	127	2
3456	127	3
3457	127	3
3458	127	2
3459	128	2
3460	128	2
3461	128	3
3462	127	2
3463	128	2
3464	127	2
3465	128	2
3466	128	3
3467	128	2
3468	128	3
3469	128	3
3470	128	3
3471	128	2
3472	127	2
3473	127	3
3474	128	3
3475	127	2
3476	128	2
3477	128	2
3478	127	3
3479	127	2
3480	127	2
3481	127	2
3482	127	3
3483	127	2
3484	127	2
3485	128	3
3486	128	3
3487	128	3
3488	127	2
3489	127	2
3490	128	3
3491	127	2
3492	127	2
3493	128	2
3494	128	2
3495	127	3
3496	127	3
3497	127	3
3498	127	2
3499	127	2
3500	127	2
3501	127	3
3502	127	2
3503	128	2
3504	128	2
3505	128	3
3506	128	3
3507	128	3
3508	128	3
3509	127	3
3510	128	3
3511	127	2
3512	127	2
3513	127	3
3514	128	3
3515	127	3
3516	127	2
3517	127	2
3518	127	2
3519	127	3
3520	128	2
3521	128	2
3522	127	2
3523	127	2
3524	127	3
3525	128	3
3526	128	3
3527	128	2
3528	128	2
3529	130	2
3530	134	2
3531	140	1
3532	147	1
3533	158	1
3534	173	0
3535	188	0
3536	198	0
3537	204	0
3538	208	0
3539	212	0
3540	216	0
3541	219	0
3542	221	0
3543	223	1
3544	225	1
3545	227	2
3546	229	3
3547	230	3
3548	232	4
3549	234	5
3550	235	6
3551	235	6
3552	235	6
3553	236	5
3554	236	5
3555	237	4
3556	236	3
3557	236	3
3558	237	4
3559	238	4
3560	239	4
3561	240	5
3562	240	5
3563	240	5
3564	240	4
3565	240	4
3566	239	4
3567	238	4
3568	238	4
3569	238	4
3570	238	4
3571	238	4
3572	239	3
3573	240	3
3574	240	3
3575	239	2
3576	238	2
3577	238	1
3578	238	1
3579	238	1
3580	238	1
3581	238	1
3582	238	2
3583	239	2
3584	239	2
3585	240	2
3586	239	3
3587	239	3
3588	238	3
3589	238	3
3590	238	3
3591	238	3
3592	238	2
3593	238	3
3594	239	3
3595	238	3
3596	239	3
3597	239	2
3598	238	2
3599	239	2
3600	238	2
3601	238	2
3602	239	2
3603	238	2
3604	238	2
3605	239	2
3606	239	2
3607	239	2
3608	239	3
3609	239	2
3610	239	2
3611	238	2
3612	238	2
3613	238	3
3614	238	3
3615	239	3
3616	239	3
3617	238	4
3618	238	3
3619	239	3
3620	239	3
3621	239	3
3622	239	2
3623	238	2
3624	238	2
3625	238	3
3626	238	3
3627	238	3
3628	238	2
3629	238	2
3630	238	2
3631	238	2
3632	238	2
3633	238	2
3634	238	1
3635	239	2
3636	239	3
3637	239	3
3638	238	3
3639	238	2
3640	238	2
3641	238	3
3642	238	3
3643	238	3
3644	238	2
3645	238	2
3646	238	3
3647	238	3
3648	238	3
3649	238	3
3650	238	3
3651	238	2
3652	238	2
3653	238	2
3654	238	2
3655	238	2
3656	238	2
3657	238	2
3658	238	2
3659	238	2
3660	238	2
3661	238	3
3662	238	3
3663	238	3
3664	238	3
3665	238	3
3666	239	3
3667	238	3
3668	239	3
3669	239	3
3670	238	3
3671	238	3
3672	238	3
3673	238	4
3674	239	4
3675	239	3
3676	238	3
3677	239	2
3678	239	3
3679	238	3
3680	239	3
3681	238	3
3682	239	2
3683	239	2
3684	238	2
3685	239	3
3686	238	3
3687	238	3
3688	238	3
3689	238	3
3690	238	2
3691	238	2
3692	238	2
3693	238	2
3694	238	3
3695	239	3
3696	239	3
3697	239	3
3698	239	2
3699	238	2
3700	238	3
3701	238	3
3702	238	3
3703	238	2
3704	238	2
3705	238	2
3706	238	3
3707	239	2
3708	239	3
3709	238	3
3710	238	2
3711	238	2
3712	238	3
3713	239	3
3714	239	2
3715	239	3
3716	239	2
3717	238	2
3718	238	3
3719	239	2
3720	239	2
3721	239	2
3722	239	3
3723	238	3
3724	238	3
3725	238	3
3726	238	3
3727	238	2
3728	238	2
3729	238	2
3730	238	2
3731	238	2
3732	238	2
3733	238	3
3734	238	3
3735	238	2
3736	239	2
3737	239	3
3738	239	3
3739	238	2
3740	238	2
3741	238	2
3742	238	2
3743	238	2
3744	239	2
3745	238	3
3746	239	3
3747	238	3
3748	238	3
3749	238	3
3750	238	3
3751	238	3
3752	238	3
3753	238	3
3754	238	3
3755	239	3
3756	239	3
3757	239	3
3758	239	3
3759	238	2
3760	238	2
3761	238	2
3762	238	3
3763	238	3
3764	238	3
3765	238	3
3766	238	3
3767	238	3
3768	238	3
3769	239	3
3770	238	3
3771	239	2
3772	239	2
3773	238	2
3774	239	3
3775	238	3
3776	238	3
3777	239	3
3778	239	2
3779	238	3
3780	238	3
3781	238	3
3782	238	3
3783	238	2
3784	238	2
3785	239	2
3786	238	3
3787	239	3
3788	238	3
3789	239	3
3790	238	3
3791	238	2
3792	238	2
3793	238	2
3794	238	2
3795	238	3
3796	238	3
3797	239	3
3798	238	2
3799	239	2
3800	238	2
3801	238	3
3802	238	3
3803	238	3
3804	238	3
3805	238	3
3806	238	3
3807	238	3
3808	239	3
3809	239	3
3810	239	3
3811	238	3
3812	238	2
3813	239	2
3814	239	3
3815	239	2
3816	239	2
3817	239	2
3818	238	2
3819	238	3
3820	238	3
3821	238	3
3822	238	3
3823	238	3
3824	238	2
3825	238	2
3826	238	3
3827	238	3
3828	239	3
3829	239	3
3830	238	3
3831	239	3
3832	238	2
3833	238	2
3834	238	2
3835	238	3
3836	239	3
3837	239	3
3838	238	3
3839	238	2
3840	238	2
3841	238	3
3842	238	3
3843	238	3
3844	238	2
3845	239	3
3846	239	3
3847	239	3
3848	239	3
3849	238	3
3850	238	3
3851	238	2
3852	238	2
3853	239	3
3854	239	3
3855	239	3
3856	239	3
3857	238	2
3858	238	2
3859	238	2
3860	238	3
3861	238	3
3862	238	2
3863	238	2
3864	238	3
3865	238	3
3866	239	3
3867	239	3
3868	239	3
3869	239	3
3870	238	3
3871	238	2
3872	238	2
3873	239	2
3874	239	3
3875	239	3
3876	239	3
3877	238	3
3878	239	3
3879	238	3
3880	239	2
3881	239	2
3882	238	3
3883	238	3
3884	238	3
3885	238	3
3886	238	3
3887	238	3
3888	238	2
3889	239	2
3890	239	3
3891	238	3
3892	238	3
3893	238	3
3894	238	2
3895	239	2
3896	239	2
3897	239	3
3898	239	3
3899	238	3
3900	239	3
3901	238	2
3902	238	2
3903	238	3
3904	238	3
3905	238	3
3906	239	3
3907	238	3
3908	238	3
3909	238	2
3910	238	2
3911	238	2
3912	238	2
3913	239	3
3914	239	3
3915	239	3
3916	239	2
3917	238	3
3918	238	3
3919	238	2
3920	238	2
3921	238	2
3922	238	3
3923	238	2
3924	238	2
3925	238	2
3926	239	3
3927	239	3
3928	239	3
3929	238	3
3930	238	2
3931	238	2
3932	238	3
3933	238	3
3934	238	3
3935	239	3
3936	239	2
3937	239	2
3938	238	2
3939	239	3
3940	239	3
3941	239	3
3942	239	3
3943	238	2
3944	239	3
3945	239	3
3946	238	3
3947	238	3
3948	238	3
3949	238	3
3950	238	3
3951	238	2
3952	238	2
3953	239	2
3954	239	2
3955	239	3
3956	239	3
3957	239	3
3958	238	2
3959	238	2
3960	238	2
3961	238	3
3962	238	3
3963	238	3
3964	238	3
3965	238	3
3966	238	3
3967	238	3
3968	238	2
3969	238	2
3970	238	2
3971	238	2
3972	238	2
3973	238	3
3974	238	3
3975	238	2
3976	239	2
3977	239	2
3978	238	3
3979	238	3
3980	238	2
3981	238	2
3982	238	3
3983	238	2
3984	238	2
3985	239	3
3986	239	3
3987	238	3
3988	239	3
3989	238	2
3990	238	3
3991	238	2
3992	237	2
3993	238	2
3994	239	3
3995	239	3
3996	239	3
3997	238	2
3998	238	2
3999	238	3
4000	238	3
4001	238	2
4002	238	2
4003	238	3
4004	238	3
4005	238	3
4006	238	3
4007	238	3
4008	238	3
4009	238	3
4010	238	3
4011	238	2
4012	238	2
4013	238	2
4014	238	3
4015	238	3
4016	238	3
4017	238	3
4018	238	2
4019	238	2
4020	238	3
4021	238	3
4022	238	3
4023	238	2
4024	238	2
4025	238	3
4026	238	3
4027	238	3
4028	238	3
4029	238	2
4030	238	3
4031	238	2
4032	238	3
4033	238	3
4034	238	3
4035	238	3
4036	238	3
4037	238	3
4038	238	2
4039	238	2
4040	238	3
4041	238	3
4042	238	3
4043	238	2
4044	238	2
4045	238	3
4046	238	3
4047	238	2
4048	238	3
4049	238	3
4050	238	3
4051	238	3
4052	238	2
4053	238	2
4054	238	3
4055	238	2
4056	238	2
4057	238	2
4058	238	3
4059	238	3
4060	238	2
4061	238	2
4062	238	2
4063	238	2
4064	238	2
4065	238	3
4066	238	3
4067	238	3
4068	238	2
4069	238	2
4070	238	2
4071	237	2
4072	237	2
4073	238	3
4074	238	3
4075	238	3
4076	238	2
4077	238	2
4078	238	2
4079	238	2
4080	238	3
4081	238	3
4082	238	2
4083	238	2
4084	238	2
4085	238	3
4086	238	3
4087	238	3
4088	238	3
4089	238	3
4090	238	3
4091	237	2
4092	237	2
4093	237	2
4094	241	2
4095	241	3
